1.0000 35.8
2.0000 96.4
3.0000 195
4.0000 154
5.0000 187
6.0000 120
7.0000 42.4
8.0000 53.0
9.0000 144
10.0000 145
11.0000 137
12.0000 119
13.0000 126
14.0000 52.6
15.0000 14.7
16.0000 85.0
17.0000 119
18.0000 146
19.0000 80.8
20.0000 113
21.0000 72.5
22.0000 142
23.0000 82.7
24.0000 166
25.0000 91.3
26.0000 183
27.0000 94.1
28.0000 56.9
29.0000 150
30.0000 118
31.0000 121
32.0000 115
33.0000 127
34.0000 78.1
35.0000 225
36.0000 149
37.0000 163
38.0000 135
39.0000 114
40.0000 91.3
41.0000 36.0
42.0000 144
43.0000 182
44.0000 48.2
45.0000 156
46.0000 68.6
47.0000 84.5
48.0000 160
49.0000 91.0
50.0000 119
51.0000 134
52.0000 56.3
53.0000 101
54.0000 131
55.0000 126
56.0000 42.5
57.0000 232
58.0000 146
59.0000 17.7
60.0000 62.4
61.0000 160
62.0000 137
63.0000 222
64.0000 61.9
65.0000 64.1
66.0000 162
67.0000 81.7
68.0000 94.8
69.0000 36.2
70.0000 55.6
71.0000 83.3
72.0000 35.1
73.0000 69.7
74.0000 51.5
75.0000 30.9
76.0000 155
77.0000 96.1
78.0000 145
79.0000 66.1
80.0000 88.0
81.0000 76.2
82.0000 29.3
83.0000 119
84.0000 16.8
85.0000 56.1
86.0000 79.3
87.0000 174
88.0000 91.9
89.0000 66.9
90.0000 90.6
91.0000 86.8
92.0000 114
93.0000 139
94.0000 103
95.0000 52.9
96.0000 53.4
97.0000 82.9
98.0000 180
99.0000 129
100.0000 62.9
101.0000 71.6
102.0000 53.0
103.0000 113
104.0000 84.9
105.0000 115
106.0000 176
107.0000 201
108.0000 199
109.0000 205
110.0000 81.8
111.0000 119
112.0000 21.4
113.0000 54.1
114.0000 50.1
115.0000 60.7
116.0000 137
117.0000 156
118.0000 167
119.0000 81.4
120.0000 106
121.0000 118
122.0000 164
123.0000 71.7
124.0000 125
125.0000 141
126.0000 165
127.0000 97.9
128.0000 134
129.0000 55.9
130.0000 135
131.0000 39.3
132.0000 157
133.0000 138
134.0000 87.5
135.0000 56.4
136.0000 148
137.0000 139
138.0000 117
139.0000 55.3
140.0000 63.8
141.0000 124
142.0000 123
143.0000 52.1
144.0000 1.82
145.0000 15.5
146.0000 182
147.0000 200
148.0000 213
149.0000 116
150.0000 52.6
