1.0000 7.72
2.0000 3.06
3.0000 5.11
4.0000 11.6
5.0000 0.000
6.0000 1.85
7.0000 2.98
8.0000 822
9.0000 602
10.0000 8.50
11.0000 18.0
12.0000 5.54
13.0000 1.62
14.0000 46.3
15.0000 278
16.0000 811
17.0000 3.15
18.0000 950
19.0000 0.000
20.0000 0.000
21.0000 5.10
22.0000 13.5
23.0000 1.95
24.0000 22.5
25.0000 22.7
26.0000 9.37
27.0000 4.80
28.0000 4.11
29.0000 13.9
30.0000 11.6
31.0000 0.000
32.0000 313
33.0000 0.000
34.0000 0.000
35.0000 440
36.0000 0.000
37.0000 0.000
38.0000 1.92
39.0000 5.07
40.0000 7.55
41.0000 13.7
42.0000 788
43.0000 17.1
44.0000 7.59
45.0000 34.8
46.0000 81.1
47.0000 2.80
48.0000 869
49.0000 2.84
50.0000 3.87
51.0000 4.27
52.0000 15.2
53.0000 602
54.0000 46.3
55.0000 2.57
56.0000 11.9
57.0000 3.68
58.0000 25.4
59.0000 2.76
60.0000 7.29
61.0000 3.97
62.0000 81.1
63.0000 0.000
64.0000 3.46
65.0000 12.9
66.0000 1.88
67.0000 23.2
68.0000 510
69.0000 3.01
70.0000 2.33
71.0000 16.7
72.0000 348
73.0000 12.4
74.0000 10.7
75.0000 81.1
76.0000 568
77.0000 1.55
78.0000 626
79.0000 869
80.0000 1.60
81.0000 9.99
82.0000 14.3
83.0000 6.29
84.0000 1.37
85.0000 6.57
86.0000 440
87.0000 10.4
88.0000 996
89.0000 4.99
90.0000 11.7
91.0000 2.00
92.0000 10.4
93.0000 13.3
94.0000 10.8
95.0000 869
96.0000 23.2
97.0000 18.2
98.0000 359
99.0000 7.34
100.0000 6.22
101.0000 5.32
102.0000 5.29
103.0000 1.81
104.0000 0.000
105.0000 11.6
106.0000 1.39
107.0000 6.36
108.0000 10.7
109.0000 0.000
110.0000 2.91
111.0000 3.44
112.0000 0.000
113.0000 765
114.0000 0.000
115.0000 324
116.0000 0.000
117.0000 10.7
118.0000 11.8
119.0000 18.0
120.0000 14.5
121.0000 4.15
122.0000 23.6
123.0000 7.69
124.0000 5.65
125.0000 1.53
126.0000 21.5
127.0000 3.61
128.0000 730
129.0000 21.2
130.0000 4.99
131.0000 5.09
132.0000 151
133.0000 8.58
134.0000 961
135.0000 11.6
136.0000 452
137.0000 13.2
138.0000 452
139.0000 440
140.0000 2.64
141.0000 22.5
142.0000 5.86
143.0000 4.07
144.0000 1.04
145.0000 3.32
146.0000 12.0
147.0000 2.09
148.0000 5.17
149.0000 6.94
150.0000 1.53
