1.0000 327
2.0000 342
3.0000 246
4.0000 316
5.0000 407
6.0000 92.5
7.0000 147
8.0000 261
9.0000 349
10.0000 344
11.0000 310
12.0000 344
13.0000 391
14.0000 386
15.0000 422
16.0000 257
17.0000 233
18.0000 369
19.0000 220
20.0000 213
21.0000 217
22.0000 428
23.0000 353
24.0000 224
25.0000 411
26.0000 356
27.0000 254
28.0000 434
29.0000 328
30.0000 164
31.0000 433
32.0000 435
33.0000 326
34.0000 258
35.0000 321
36.0000 264
37.0000 229
38.0000 329
39.0000 210
40.0000 311
41.0000 226
42.0000 337
43.0000 338
44.0000 429
45.0000 428
46.0000 421
47.0000 313
48.0000 403
49.0000 140
50.0000 212
51.0000 455
52.0000 404
53.0000 147
54.0000 229
55.0000 429
56.0000 313
57.0000 333
58.0000 245
59.0000 280
60.0000 372
61.0000 346
62.0000 258
63.0000 396
64.0000 346
65.0000 237
66.0000 415
67.0000 422
68.0000 326
69.0000 223
70.0000 184
71.0000 304
72.0000 281
73.0000 186
74.0000 208
75.0000 183
76.0000 420
77.0000 280
78.0000 353
79.0000 319
80.0000 262
81.0000 267
82.0000 228
83.0000 218
84.0000 231
85.0000 425
86.0000 173
87.0000 440
88.0000 262
89.0000 229
90.0000 108
91.0000 355
92.0000 426
93.0000 234
94.0000 237
95.0000 348
96.0000 311
97.0000 430
98.0000 406
99.0000 413
100.0000 332
101.0000 394
102.0000 154
103.0000 398
104.0000 432
105.0000 402
106.0000 162
107.0000 292
108.0000 91.8
109.0000 126
110.0000 404
111.0000 325
112.0000 424
113.0000 379
114.0000 296
115.0000 323
116.0000 408
117.0000 399
118.0000 345
119.0000 386
120.0000 216
121.0000 365
122.0000 310
123.0000 151
124.0000 353
125.0000 254
126.0000 165
127.0000 194
128.0000 126
129.0000 380
130.0000 283
131.0000 251
132.0000 407
133.0000 371
134.0000 448
135.0000 420
136.0000 395
137.0000 248
138.0000 189
139.0000 378
140.0000 428
141.0000 347
142.0000 359
143.0000 352
144.0000 155
145.0000 367
146.0000 227
147.0000 360
148.0000 418
149.0000 322
150.0000 231
