1.0000 279
2.0000 202
3.0000 472
4.0000 469
5.0000 468
6.0000 469
7.0000 464
8.0000 464
9.0000 463
10.0000 463
11.0000 464
12.0000 464
13.0000 462
14.0000 463
15.0000 463
16.0000 464
17.0000 466
18.0000 464
19.0000 464
20.0000 463
21.0000 465
22.0000 463
23.0000 463
24.0000 467
25.0000 476
26.0000 472
27.0000 469
28.0000 472
29.0000 466
30.0000 465
31.0000 467
32.0000 465
33.0000 466
34.0000 466
35.0000 466
36.0000 468
37.0000 470
38.0000 469
39.0000 472
40.0000 471
41.0000 472
42.0000 470
43.0000 474
44.0000 474
45.0000 473
46.0000 474
47.0000 470
48.0000 470
49.0000 469
50.0000 470
51.0000 471
52.0000 472
53.0000 472
54.0000 473
55.0000 473
56.0000 471
57.0000 472
58.0000 472
59.0000 472
60.0000 471
61.0000 473
62.0000 472
63.0000 469
64.0000 473
65.0000 473
66.0000 471
67.0000 473
68.0000 470
69.0000 470
70.0000 472
71.0000 468
72.0000 466
73.0000 466
74.0000 464
75.0000 466
76.0000 467
77.0000 465
78.0000 466
79.0000 466
80.0000 465
81.0000 466
82.0000 465
83.0000 466
84.0000 467
85.0000 465
86.0000 467
87.0000 465
88.0000 466
89.0000 466
90.0000 465
91.0000 467
92.0000 473
93.0000 473
94.0000 471
95.0000 473
96.0000 472
97.0000 469
98.0000 468
99.0000 466
100.0000 464
101.0000 469
102.0000 466
103.0000 464
104.0000 464
105.0000 463
106.0000 465
107.0000 463
108.0000 464
109.0000 463
110.0000 463
111.0000 464
112.0000 463
113.0000 464
114.0000 463
115.0000 464
116.0000 461
117.0000 464
118.0000 464
119.0000 465
120.0000 464
121.0000 464
122.0000 468
123.0000 463
124.0000 464
125.0000 464
126.0000 470
127.0000 469
128.0000 468
129.0000 464
130.0000 463
131.0000 464
132.0000 464
133.0000 463
134.0000 463
135.0000 463
136.0000 466
137.0000 470
138.0000 463
139.0000 463
140.0000 463
141.0000 463
142.0000 463
143.0000 463
144.0000 463
145.0000 464
146.0000 464
147.0000 464
148.0000 464
149.0000 463
150.0000 464
